-1.000000000000000000e+00 -1.000000000000000000e+00
-9.831112469646964280e-01 -9.749999999999999778e-01
-9.658625088108810930e-01 -9.499999999999999556e-01
-9.481018821082107806e-01 -9.250000000000000444e-01
-9.299509568556856287e-01 -9.000000000000000222e-01
-9.114644243624362430e-01 -8.750000000000000000e-01
-8.924646775877588256e-01 -8.499999999999999778e-01
-8.731927902390238527e-01 -8.249999999999999556e-01
-8.533201012101210292e-01 -8.000000000000000444e-01
-8.333001549754975867e-01 -7.750000000000000222e-01
-8.126303486348633864e-01 -7.500000000000000000e-01
-7.916130323432343241e-01 -7.249999999999999778e-01
-7.700528227222721567e-01 -6.999999999999999556e-01
-7.481672921692169576e-01 -6.750000000000000444e-01
-7.259774338233824231e-01 -6.499999999999999112e-01
-7.030923713171316480e-01 -6.250000000000000000e-01
-6.800289899389938553e-01 -5.999999999999999778e-01
-6.564970612261226135e-01 -5.749999999999999556e-01
-6.324330654665466511e-01 -5.500000000000000444e-01
-6.084178826682669072e-01 -5.249999999999999112e-01
-5.833167782378239075e-01 -5.000000000000000000e-01
-5.578461708570857658e-01 -4.749999999999999778e-01
-5.322596511651165319e-01 -4.499999999999999556e-01
-5.068216069606960028e-01 -4.249999999999999334e-01
-4.793858745874587379e-01 -3.999999999999999112e-01
-4.528647991199120093e-01 -3.750000000000000000e-01
-4.255508084408440861e-01 -3.499999999999999778e-01
-3.976731657165715750e-01 -3.249999999999999556e-01
-3.696568018401840128e-01 -2.999999999999999334e-01
-3.413352289628962533e-01 -2.749999999999999112e-01
-3.126937060106010913e-01 -2.500000000000000000e-01
-2.832548986098609722e-01 -2.249999999999999778e-01
-2.531791763176318155e-01 -1.999999999999999556e-01
-2.235670352635263369e-01 -1.749999999999999334e-01
-1.922022803080308262e-01 -1.499999999999999112e-01
-1.619000512051205209e-01 -1.250000000000000000e-01
-1.297877350935093543e-01 -9.999999999999997780e-02
-9.796884968496850921e-02 -7.499999999999995559e-02
-6.547965660566056056e-02 -4.999999999999993339e-02
-3.291381642164216415e-02 -2.499999999999991118e-02
-8.529484948494842175e-05 0.000000000000000000e+00
3.342999635963596339e-02 2.500000000000013323e-02
6.497265470547054778e-02 5.000000000000004441e-02
9.845184814481447444e-02 7.499999999999995559e-02
1.296289252925292568e-01 1.000000000000000888e-01
1.618379452345234393e-01 1.250000000000000000e-01
1.926704728072807238e-01 1.500000000000001332e-01
2.230771073107310765e-01 1.750000000000000444e-01
2.538323317131713219e-01 2.000000000000001776e-01
2.833025215321531842e-01 2.250000000000000888e-01
3.124266510651065309e-01 2.500000000000000000e-01
3.417105160916091844e-01 2.750000000000001332e-01
3.703945792179218488e-01 3.000000000000000444e-01
3.976508558855885722e-01 3.250000000000001776e-01
4.259534602260225955e-01 3.500000000000000888e-01
4.531824046404640538e-01 3.750000000000000000e-01
4.800366241424142144e-01 4.000000000000001332e-01
5.062680379237923800e-01 4.250000000000000444e-01
5.324550241424141905e-01 4.500000000000001776e-01
5.579778841884187601e-01 4.750000000000000888e-01
5.829764011601159535e-01 5.000000000000000000e-01
6.083736610461046856e-01 5.250000000000001332e-01
6.326386485848584096e-01 5.500000000000000444e-01
6.563483665166516268e-01 5.750000000000001776e-01
6.801894399039903893e-01 6.000000000000000888e-01
7.031673930593060895e-01 6.250000000000000000e-01
7.260743003100310622e-01 6.500000000000001332e-01
7.481443283528353971e-01 6.750000000000000444e-01
7.699850629062905405e-01 7.000000000000001776e-01
7.916349742174216830e-01 7.250000000000000888e-01
8.126099477147715744e-01 7.500000000000000000e-01
8.330873373737373022e-01 7.750000000000001332e-01
8.533677226922692372e-01 8.000000000000000444e-01
8.732191348734873459e-01 8.250000000000001776e-01
8.924844628462845764e-01 8.500000000000000888e-01
9.114581514951494157e-01 8.750000000000000000e-01
9.299805958995900346e-01 9.000000000000001332e-01
9.481212023602360039e-01 9.250000000000000444e-01
9.658573486148614995e-01 9.500000000000001776e-01
9.831234444244423276e-01 9.750000000000000888e-01
1.000000000000000000e+00 1.000000000000000000e+00
